#VERSION:0.83;
#TITLE:Goin' Under;
#ARTIST:NegaRen;
#GENRE:Raggacore;
#BANNER:bn.png;
#BACKGROUND:bg.png;
#MUSIC:Goin' Under.ogg;
#OFFSET:0.000000;
#SAMPLESTART:45.714001;
#SAMPLELENGTH:13.714000;
#SELECTABLE:YES;
#BPMS:0.000=210.000;
#TIMESIGNATURES:0.000=4=4;
#TICKCOUNTS:0.000=4;
#COMBOS:0.000=1;
#SPEEDS:0.000=1.000=0.000=0;
#SCROLLS:0.000=1.000;
#LABELS:0.000=Song Start;

// cache tags:
#FIRSTSECOND:9.142858;
#LASTSECOND:121.142860;
#SONGFILENAME:/Songs/StepMania 5/Goin' Under/Goin' Under.ssc;
#HASMUSIC:1;
#HASBANNER:1;
#MUSICLENGTH:123.428001;
// end cache tags

//---------------dance-single - ----------------
#NOTEDATA:;
#STEPSTYPE:dance-single;
#DIFFICULTY:Challenge;
#METER:10;
#MSDVALUES:7.585866,7.310000,5.505022,4.682585,6.573988,5.870000,4.530844,7.585866:8.505632,8.130002,6.120020,5.205333,7.364099,6.700000,5.174755,8.505632:9.616346,9.000001,6.772518,5.759957,8.470322,7.540000,5.826168,9.616346:10.539822,9.750001,7.312501,6.215626,9.312261,8.390001,6.485078,10.539822:11.483052,10.710000,8.055015,6.850079,10.041129,9.220001,7.107457,11.483052:12.483854,11.650001,8.760015,7.449328,11.003439,10.050001,7.772905,12.483854:13.324046,12.280001,9.232512,7.850952,11.648232,10.920000,8.425275,13.324046:14.509639,13.469999,10.102499,8.587125,12.744611,11.760000,9.076683,14.509639:15.368478,14.389999,10.815011,9.196076,13.304830,12.590000,9.720596,15.368478:16.316582,15.280000,11.482510,9.763450,14.113259,13.440000,10.357980,16.316582:17.073824,16.050003,12.060013,10.254326,14.604254,14.290000,11.016884,17.073824:18.214277,17.000002,12.772512,10.859949,15.823713,15.080000,11.652335,18.214277:19.315380,18.080002,13.605037,11.570917,16.641006,15.920003,12.282215,19.315380:20.341185,18.900002,14.197506,12.071196,17.721529,16.830002,13.007649,20.341185;
#CHARTKEY:Xf2fd22720082fbe97ee85cdf9bb91e1f0a1c9b24;
#CHARTKEYRECORD:Invalid;
#RADARVALUES:0.000000,0.000000,0.000000,0.000000,0.000000,634.000000,628.000000,6.000000,105.000000,8.000000,0.000000,0.000000,0.000000,0.000000,0.000000,0.000000,0.000000,0.000000,0.000000,634.000000,628.000000,6.000000,105.000000,8.000000,0.000000,0.000000,0.000000,0.000000;
#CREDIT:Fraxtil;
#STEPFILENAME:/Songs/StepMania 5/Goin' Under/Goin' Under.ssc;

//---------------dance-single - ----------------
#NOTEDATA:;
#STEPSTYPE:dance-single;
#DIFFICULTY:Hard;
#METER:8;
#MSDVALUES:6.074531,5.750000,4.312500,3.665626,5.132242,4.950001,3.776500,6.074531:6.919629,6.520000,4.890000,4.156500,5.891463,5.650001,4.322889,6.919629:7.764405,7.350000,5.535020,4.708085,6.564240,6.360001,4.855346,7.764405:8.450741,7.980002,5.985002,5.087252,7.106778,7.070000,5.409237,8.450741:9.280214,8.640001,6.502519,5.530457,7.870920,7.770000,5.934195,9.280214:10.107958,9.300001,6.975001,5.928751,8.682040,8.470001,6.480586,10.107958:10.644911,9.710001,7.282501,6.190126,9.022907,9.190001,7.020540,10.644911:11.654164,10.550000,7.935014,6.748078,10.034408,9.890001,7.566931,11.654164:12.138139,10.900001,8.175000,6.948750,10.337783,10.600000,8.099385,12.138139:13.040361,11.980000,9.007512,7.659701,10.921280,11.300001,8.667234,13.040361:13.899434,12.480000,9.360001,7.956001,11.857211,12.010000,9.199677,13.899434:14.688410,13.380000,10.035000,8.529750,12.413354,12.710000,9.724627,14.688410:15.359143,13.770000,10.350012,8.800826,13.002414,13.410000,10.271026,15.359143:16.055183,14.639999,11.002510,9.355446,13.346654,14.140000,10.839927,16.055183;
#CHARTKEY:X82a6d169391728a376e627d0c1158f96d7884a15;
#CHARTKEYRECORD:Invalid;
#RADARVALUES:0.000000,0.000000,0.000000,0.000000,0.000000,472.000000,470.000000,2.000000,41.000000,0.000000,0.000000,0.000000,0.000000,0.000000,0.000000,0.000000,0.000000,0.000000,0.000000,472.000000,470.000000,2.000000,41.000000,0.000000,0.000000,0.000000,0.000000,0.000000;
#CREDIT:Fraxtil;
#STEPFILENAME:/Songs/StepMania 5/Goin' Under/Goin' Under.ssc;

//---------------dance-single - ----------------
#NOTEDATA:;
#STEPSTYPE:dance-single;
#DIFFICULTY:Medium;
#METER:6;
#MSDVALUES:4.753782,3.810000,2.857500,2.428875,3.854222,4.753782,3.711279,4.753782:5.654222,4.920001,3.735123,3.181509,4.421910,5.620001,4.236274,5.654222:6.381676,5.520000,4.185108,3.563994,5.076629,6.330000,4.768772,6.381676:7.219796,6.020000,4.650897,3.973358,5.993941,7.030000,5.293770,7.219796:7.780001,6.970000,5.272587,4.488345,6.139361,7.730000,5.818768,7.838860:8.310001,7.520000,5.640000,4.794001,6.473900,8.400446,6.365067,8.400446:9.308268,7.720000,5.790000,4.921500,7.807349,9.140001,6.876264,9.308268:10.232695,8.680001,6.555071,5.578454,8.531876,9.840001,7.422557,10.232695:10.731260,9.170001,6.900018,5.868331,8.765825,10.540001,7.947551,10.731260:11.454671,9.570001,7.200017,6.123331,9.521076,11.250001,8.480049,11.454671:12.275509,10.130001,7.620016,6.480330,10.351326,11.950000,9.005047,12.275509:12.928610,10.770000,8.100016,6.888328,10.792334,12.650001,9.530043,12.928610:13.503111,11.180001,8.407513,7.149701,11.208481,13.349999,10.055041,13.503111:14.328001,12.150000,9.112499,7.745625,11.786847,14.070000,10.595039,14.328001;
#CHARTKEY:X937fe79653cdb96bd659bb2e0a29ce10d61d4f2a;
#CHARTKEYRECORD:Invalid;
#RADARVALUES:0.000000,0.000000,0.000000,0.000000,0.000000,352.000000,346.000000,6.000000,0.000000,0.000000,0.000000,0.000000,0.000000,0.000000,0.000000,0.000000,0.000000,0.000000,0.000000,352.000000,346.000000,6.000000,0.000000,0.000000,0.000000,0.000000,0.000000,0.000000;
#CREDIT:Fraxtil;
#STEPFILENAME:/Songs/StepMania 5/Goin' Under/Goin' Under.ssc;

//---------------dance-single - ----------------
#NOTEDATA:;
#STEPSTYPE:dance-single;
#DIFFICULTY:Easy;
#METER:3;
#MSDVALUES:3.176027,3.176027,2.752500,2.339625,2.874508,2.320000,1.740000,1.986875:3.301996,3.301996,2.752500,2.339625,2.874508,2.650000,1.987500,2.189175:3.454373,3.454373,2.752500,2.339625,2.874508,2.980000,2.235000,2.537517:3.627618,3.627618,2.752500,2.339625,2.874508,3.310000,2.482500,2.984982:3.899490,3.690000,2.767500,2.352375,3.005953,3.640000,2.730000,3.780771:4.444856,4.230001,3.172501,2.696626,3.495003,3.970001,2.998785,4.444856:4.881837,4.870000,3.652500,3.104625,3.851915,4.310001,3.232501,4.624036:5.250000,5.240001,3.930001,3.340501,4.172894,4.640001,3.480000,5.024195:5.667921,5.390000,4.042500,3.436126,4.548646,4.970001,3.727500,5.667921:6.018868,5.610001,4.207500,3.576375,4.886907,5.300001,3.975000,6.018868:6.399497,5.910000,4.432500,3.767625,5.239403,5.630001,4.243775,6.399497:6.790122,6.310000,4.732500,4.022625,5.572353,5.960001,4.470000,6.790122:7.087254,6.600000,4.950000,4.207500,5.773358,6.290000,4.717500,7.087254:7.563504,7.040000,5.280000,4.488000,6.201585,6.630000,4.993772,7.563504;
#CHARTKEY:Xf5938d7e47aa8209fa5728f14501593d2b1b645a;
#CHARTKEYRECORD:Invalid;
#RADARVALUES:0.000000,0.000000,0.000000,0.000000,0.000000,220.000000,219.000000,1.000000,28.000000,0.000000,0.000000,0.000000,0.000000,0.000000,0.000000,0.000000,0.000000,0.000000,0.000000,220.000000,219.000000,1.000000,28.000000,0.000000,0.000000,0.000000,0.000000,0.000000;
#CREDIT:Fraxtil;
#STEPFILENAME:/Songs/StepMania 5/Goin' Under/Goin' Under.ssc;

//---------------dance-single - ----------------
#NOTEDATA:;
#STEPSTYPE:dance-single;
#DIFFICULTY:Beginner;
#METER:1;
#MSDVALUES:3.113261,3.113261,2.940039,2.502355,2.985000,1.690001,1.267500,1.900175:3.201352,3.201352,2.940039,2.502355,2.985000,1.930000,1.447500,2.037450:3.287943,3.287943,2.940039,2.502355,2.985000,2.170000,1.627500,2.174725:3.378618,3.378618,2.940039,2.502355,2.985000,2.410000,1.807500,2.319225:3.478629,3.478629,2.940039,2.502355,2.985000,2.650000,1.987500,2.525964:3.599515,3.599515,2.940039,2.502355,2.985000,2.900000,2.167500,2.831877:3.725649,3.725649,2.940039,2.502355,2.985000,3.140000,2.355000,3.155270:3.864470,3.864470,2.940039,2.502355,3.000003,3.380000,2.535000,3.535735:4.041865,3.890000,2.940039,2.502355,3.156722,3.620000,2.715000,3.971648:4.224127,3.890000,2.940039,2.502355,3.313450,3.860000,2.895000,4.224127:4.362243,3.890000,2.940039,2.502355,3.464223,4.100001,3.075001,4.362243:4.503360,3.890000,2.940039,2.502355,3.615003,4.340001,3.255001,4.503360:4.646986,3.890000,2.940039,2.502355,3.772504,4.580001,3.435001,4.646986:4.791011,3.890000,2.940039,2.502355,3.942680,4.791011,3.615000,4.791011;
#CHARTKEY:Xabcda8bbe0218ae470e87b548afa53f80080158d;
#CHARTKEYRECORD:Invalid;
#RADARVALUES:0.000000,0.000000,0.000000,0.000000,0.000000,95.000000,93.000000,2.000000,0.000000,0.000000,0.000000,0.000000,0.000000,0.000000,0.000000,0.000000,0.000000,0.000000,0.000000,95.000000,93.000000,2.000000,0.000000,0.000000,0.000000,0.000000,0.000000,0.000000;
#CREDIT:Fraxtil;
#STEPFILENAME:/Songs/StepMania 5/Goin' Under/Goin' Under.ssc;

//---------------dance-double - ----------------
#NOTEDATA:;
#STEPSTYPE:dance-double;
#DIFFICULTY:Challenge;
#METER:11;
#MSDVALUES:0.000000:0.000000:0.000000:0.000000:0.000000:0.000000:0.000000:0.000000:0.000000:0.000000:0.000000:0.000000:0.000000:0.000000;
#CHARTKEY:X93760bd0f0168e9af6b9f57f61390e3716b57fbc;
#CHARTKEYRECORD:Invalid;
#RADARVALUES:0.000000,0.000000,0.000000,0.000000,0.000000,633.000000,628.000000,5.000000,73.000000,16.000000,0.000000,0.000000,0.000000,0.000000,0.000000,0.000000,0.000000,0.000000,0.000000,633.000000,628.000000,5.000000,73.000000,16.000000,0.000000,0.000000,0.000000,0.000000;
#CREDIT:Fraxtil;
#STEPFILENAME:/Songs/StepMania 5/Goin' Under/Goin' Under.ssc;

//---------------dance-double - ----------------
#NOTEDATA:;
#STEPSTYPE:dance-double;
#DIFFICULTY:Hard;
#METER:9;
#MSDVALUES:0.000000:0.000000:0.000000:0.000000:0.000000:0.000000:0.000000:0.000000:0.000000:0.000000:0.000000:0.000000:0.000000:0.000000;
#CHARTKEY:X492c4b6858cfe72e78c8db4666527d82226103de;
#CHARTKEYRECORD:Invalid;
#RADARVALUES:0.000000,0.000000,0.000000,0.000000,0.000000,472.000000,470.000000,2.000000,41.000000,0.000000,0.000000,0.000000,0.000000,0.000000,0.000000,0.000000,0.000000,0.000000,0.000000,472.000000,470.000000,2.000000,41.000000,0.000000,0.000000,0.000000,0.000000,0.000000;
#CREDIT:Fraxtil;
#STEPFILENAME:/Songs/StepMania 5/Goin' Under/Goin' Under.ssc;

//---------------dance-double - ----------------
#NOTEDATA:;
#STEPSTYPE:dance-double;
#DIFFICULTY:Medium;
#METER:6;
#MSDVALUES:0.000000:0.000000:0.000000:0.000000:0.000000:0.000000:0.000000:0.000000:0.000000:0.000000:0.000000:0.000000:0.000000:0.000000;
#CHARTKEY:X6a3e79cfc6b5c70db8287d42b69b8c5b89077ecf;
#CHARTKEYRECORD:Invalid;
#RADARVALUES:0.000000,0.000000,0.000000,0.000000,0.000000,350.000000,344.000000,6.000000,0.000000,0.000000,0.000000,0.000000,0.000000,0.000000,0.000000,0.000000,0.000000,0.000000,0.000000,350.000000,344.000000,6.000000,0.000000,0.000000,0.000000,0.000000,0.000000,0.000000;
#CREDIT:Fraxtil;
#STEPFILENAME:/Songs/StepMania 5/Goin' Under/Goin' Under.ssc;

//---------------dance-double - ----------------
#NOTEDATA:;
#STEPSTYPE:dance-double;
#DIFFICULTY:Easy;
#METER:3;
#MSDVALUES:0.000000:0.000000:0.000000:0.000000:0.000000:0.000000:0.000000:0.000000:0.000000:0.000000:0.000000:0.000000:0.000000:0.000000;
#CHARTKEY:X98c15fb9aae0cda4e68cee4543c492302d570c3b;
#CHARTKEYRECORD:Invalid;
#RADARVALUES:0.000000,0.000000,0.000000,0.000000,0.000000,217.000000,216.000000,1.000000,28.000000,0.000000,0.000000,0.000000,0.000000,0.000000,0.000000,0.000000,0.000000,0.000000,0.000000,217.000000,216.000000,1.000000,28.000000,0.000000,0.000000,0.000000,0.000000,0.000000;
#CREDIT:Fraxtil;
#STEPFILENAME:/Songs/StepMania 5/Goin' Under/Goin' Under.ssc;
