#VERSION:0.83;
#TITLE:Remembrance;
#SUBTITLE:[catgirl_ascii];
#ARTIST:Nexon;
#CREDIT:Celirra;
#BANNER:bn.png;
#BACKGROUND:bg.png;
#CDTITLE:cdtitle.png;
#MUSIC:Remembrance.ogg;
#OFFSET:-0.043000;
#SAMPLESTART:60.042999;
#SAMPLELENGTH:25.000000;
#SELECTABLE:YES;
#DISPLAYBPM:100.000000;
#BPMS:0.000=100.000;
#TIMESIGNATURES:0.000=4=4;
#TICKCOUNTS:0.000=4;
#COMBOS:0.000=1;
#SPEEDS:0.000=1.000=0.000=0;
#SCROLLS:0.000=1.000;
#LABELS:0.000=Song Start;

// cache tags:
#FIRSTSECOND:0.643000;
#LASTSECOND:133.843002;
#SONGFILENAME:/Songs/Etterna/Remembrance (Celirra)/Remembrance.sm;
#HASMUSIC:1;
#HASBANNER:1;
#MUSICLENGTH:135.000000;
// end cache tags

//---------------dance-single - ----------------
#NOTEDATA:;
#STEPSTYPE:dance-single;
#DIFFICULTY:Beginner;
#METER:1;
#MSDVALUES:4.116724,4.116724,3.870723,3.345129,3.999693,2.530000,1.918805,2.680475:4.268906,4.268906,3.870723,3.345129,3.999693,2.890000,2.188798,3.015026:4.458949,4.458949,3.870723,3.345129,3.999693,3.250000,2.458792,3.571985:4.628858,4.628858,3.870723,3.345129,3.755208,3.610000,2.728788,4.219201:4.911599,4.670001,3.870723,3.345129,3.903655,3.970001,2.998785,4.911599:5.268693,4.890000,3.988513,3.438085,4.247893,4.330001,3.290128,5.268693:5.601948,5.100001,4.052941,3.478847,4.624408,4.690001,3.560117,5.601948:5.909610,5.310000,4.164309,3.566606,4.936372,5.050001,3.830109,5.909610:6.184905,5.490000,4.322215,3.704237,5.126140,5.410000,4.100101,6.184905:6.674230,5.680001,4.487642,3.848269,5.768854,5.770000,4.370096,6.674230:6.798038,5.780001,4.562595,3.911968,5.738102,6.140000,4.647590,6.798038:7.130987,6.080000,4.996407,4.312067,5.843855,6.500000,4.917585,7.130987:7.613064,6.450000,5.250034,4.524001,6.392139,6.860001,5.187581,7.613064:7.926889,6.620000,5.424063,4.678926,6.655354,7.220000,5.457576,7.926889;
#CHARTKEY:Xe809d21df6b86f8a7b75ba971b9b8eb5b316aa4c;
#CHARTKEYRECORD:Invalid;
#RADARVALUES:0.000000,0.000000,0.000000,0.000000,0.000000,239.000000,223.000000,16.000000,66.000000,0.000000,0.000000,0.000000,0.000000,0.000000,0.000000,0.000000,0.000000,0.000000,0.000000,239.000000,223.000000,16.000000,66.000000,0.000000,0.000000,0.000000,0.000000,0.000000;
#DISPLAYBPM:100.000000;
#STEPFILENAME:/Songs/Etterna/Remembrance (Celirra)/Remembrance.sm;

//---------------dance-single - ----------------
#NOTEDATA:;
#STEPSTYPE:dance-single;
#DIFFICULTY:Easy;
#METER:3;
#MSDVALUES:4.444650,4.350001,4.293758,3.807676,4.444650,2.960000,2.262686,2.762519:4.782055,4.730000,4.226672,3.695254,4.464207,3.380000,2.577663,3.986572:5.099787,5.099787,4.318868,3.722286,4.520041,3.800000,2.914076,4.303310:5.579016,5.510000,4.406422,3.786169,4.603415,4.220001,3.229043,5.579016:6.162001,5.930000,4.931156,4.263779,5.064750,4.640001,3.565475,6.162001:6.380000,6.400001,5.282835,4.562506,5.280083,5.060001,3.880435,6.422676:6.830000,6.939116,5.523086,4.735131,5.678250,5.480000,4.216877,6.797429:7.596046,7.290000,5.740463,4.919870,6.342097,5.910000,4.517873,7.596046:8.151584,7.560000,6.081429,5.230417,6.927741,6.330000,4.854294,8.151584:8.570001,7.880002,6.649494,5.762844,7.158576,6.750000,5.169260,8.574027:9.174724,8.620002,6.921961,5.951624,7.715541,7.170000,5.505690,9.174724:9.496836,8.700002,7.191998,6.212813,7.979269,7.600000,5.828152,9.496836:10.100256,9.270000,7.525114,6.481640,8.603685,8.020002,6.164591,10.100256:10.675300,9.510000,8.105327,7.035466,9.050821,8.450002,6.487048,10.675300;
#CHARTKEY:X2636028637c685f830d70ae343c6c289955f0a36;
#CHARTKEYRECORD:Invalid;
#RADARVALUES:0.000000,0.000000,0.000000,0.000000,0.000000,400.000000,362.000000,38.000000,110.000000,2.000000,2.000000,0.000000,0.000000,0.000000,0.000000,0.000000,0.000000,0.000000,0.000000,400.000000,362.000000,38.000000,110.000000,2.000000,2.000000,0.000000,0.000000,0.000000;
#DISPLAYBPM:100.000000;
#STEPFILENAME:/Songs/Etterna/Remembrance (Celirra)/Remembrance.sm;

//---------------dance-single - ----------------
#NOTEDATA:;
#STEPSTYPE:dance-single;
#DIFFICULTY:Medium;
#METER:6;
#MSDVALUES:7.070000,5.990000,6.112413,6.376866,5.731464,5.150001,4.099481,7.201534:7.890001,6.400001,6.361523,6.249018,6.590279,5.890000,4.675861,7.895503:8.600001,7.230000,7.252340,7.441608,7.220003,6.620000,5.266571,8.827579:9.420000,7.550000,7.744444,8.071017,7.950763,7.360000,5.842954,9.611877:10.050000,8.070002,8.124973,8.139076,8.714342,8.090002,6.433664,10.264810:11.100000,8.590001,8.711795,9.150724,9.830104,8.830001,7.031874,11.273174:11.640000,9.400001,9.822384,9.864385,10.218358,9.560000,7.622595,12.080660:12.590000,9.890001,10.257620,10.641967,11.072152,10.300001,8.198961,12.955606:13.160000,10.630000,10.979470,11.517855,11.686396,11.030001,8.789680,13.763010:13.900000,10.860001,11.173313,11.356366,12.208415,11.770000,9.366053,14.310622:15.020000,11.770000,12.201231,12.608245,13.215051,12.510000,9.942431,15.475045:16.060003,12.440001,12.976302,13.229769,13.987916,13.240000,10.533140,16.415571:16.600002,12.960000,13.668749,14.199617,14.447495,13.980000,11.109520,17.169809:17.480001,13.630000,14.365547,14.735083,15.260472,14.709999,11.722072,18.043978;
#CHARTKEY:Xf7a370c4a86c013f75fb28f3383ab97c9ae0ef54;
#CHARTKEYRECORD:Invalid;
#RADARVALUES:0.000000,0.000000,0.000000,0.000000,0.000000,715.000000,488.000000,208.000000,87.000000,0.000000,41.000000,0.000000,0.000000,0.000000,0.000000,0.000000,0.000000,0.000000,0.000000,715.000000,488.000000,208.000000,87.000000,0.000000,41.000000,0.000000,0.000000,0.000000;
#DISPLAYBPM:100.000000;
#STEPFILENAME:/Songs/Etterna/Remembrance (Celirra)/Remembrance.sm;

//---------------dance-single - ----------------
#NOTEDATA:;
#STEPSTYPE:dance-single;
#DIFFICULTY:Hard;
#METER:10;
#MSDVALUES:8.620001,7.190000,7.904556,8.580002,7.454545,6.460001,5.345009,8.684589:9.700001,7.780000,8.489888,9.270000,8.549152,7.390000,6.085380,10.115871:11.010000,8.790001,9.805897,10.408524,9.635988,8.310001,6.862666,11.462462:12.009999,9.390000,10.505597,11.113850,10.701786,9.230000,7.617754,12.490348:13.200000,10.220001,11.667942,11.969154,11.946404,10.150001,8.395057,13.721785:14.209999,11.110001,13.010000,13.123824,12.933996,11.080001,9.135421,14.900002:15.270000,11.890000,13.729922,13.903171,13.707636,12.000000,9.912715,15.969518:16.780003,12.700001,14.880000,15.045066,14.818663,12.920000,10.667801,17.317730:17.510002,13.490000,15.715431,15.706379,15.442046,13.850000,11.430372,18.227135:18.350000,14.280000,16.680002,16.707340,16.133175,14.770000,12.185464,19.200001:19.340002,15.210000,17.780003,17.750301,17.084461,15.690002,12.962763,20.180002:20.250000,15.780003,18.560001,18.636902,17.835810,16.620003,13.725332,21.100004:21.639999,16.750002,19.640001,19.379026,18.968979,17.540003,14.480417,22.540003:22.580000,17.560001,20.600002,20.417181,19.855125,18.470001,15.242993,23.480003;
#CHARTKEY:X9127f4ce1e8a952b7463e943ea24c5504209a47c;
#CHARTKEYRECORD:Invalid;
#RADARVALUES:0.000000,0.000000,0.000000,0.000000,0.000000,1025.000000,583.000000,342.000000,58.000000,0.000000,135.000000,0.000000,0.000000,0.000000,0.000000,0.000000,0.000000,0.000000,0.000000,1025.000000,583.000000,342.000000,58.000000,0.000000,135.000000,0.000000,0.000000,0.000000;
#DISPLAYBPM:100.000000;
#STEPFILENAME:/Songs/Etterna/Remembrance (Celirra)/Remembrance.sm;
